     3.000   0.008800  0.050100  0.941100  0.000000
     4.000   0.012400  0.096210  0.891390  0.000000
     5.000   0.020400  0.134480  0.845120  0.000000
     6.000   0.035980  0.163170  0.800850  0.000000
     7.000   0.049590  0.180920  0.769490  0.000000
     8.000   0.064520  0.192830  0.742650  0.000000
     9.000   0.075810  0.205770  0.718420  0.000000
    10.000   0.089660  0.211780  0.698560  0.000000
    11.000   0.102340  0.217380  0.680280  0.000000
    12.000   0.112420  0.224170  0.663410  0.000000
    13.000   0.119270  0.228310  0.652420  0.000000
    14.000   0.127340  0.231690  0.640970  0.000000
    15.000   0.137290  0.233540  0.629170  0.000000
    16.000   0.139240  0.234600  0.626160  0.000000
    17.000   0.148860  0.235370  0.615770  0.000000
    18.000   0.150410  0.242040  0.607550  0.000000
    19.000   0.156840  0.239640  0.603520  0.000000
    20.000   0.161820  0.239820  0.598360  0.000000
    21.000   0.167360  0.242340  0.590300  0.000000
    22.000   0.170130  0.243580  0.586290  0.000000
    23.000   0.173270  0.242440  0.584290  0.000000
    24.000   0.179080  0.243120  0.577800  0.000000
    25.000   0.178980  0.246250  0.574770  0.000000
    26.000   0.183920  0.242540  0.573540  0.000000
    27.000   0.186100  0.245220  0.568680  0.000000
    28.000   0.188170  0.246420  0.565410  0.000000
    29.000   0.000000  0.000000  0.563290  0.436710
    30.000   0.000000  0.000000  0.559890  0.440110
