     0.000       0.00000000      1.00000000      0.00000000      0.00000000      0.00000000      0.00000000      0.00000000      0.00000000      0.00000000      0.00000000      0.00000000      0.00000000      0.00000000      0.00000000
     0.100       0.00002507      0.99972435      0.00008349      0.00000031      0.00000506      0.00000002      0.00000006      0.00001425      0.00000004      0.00005885      0.00008313      0.00000031      0.00000502      0.00000002
     0.200       0.00009970      0.99890679      0.00032916      0.00000108      0.00001970      0.00000009      0.00000020      0.00005641      0.00000013      0.00023470      0.00033091      0.00000108      0.00001996      0.00000009
     0.300       0.00022312      0.99755912      0.00073070      0.00000225      0.00004356      0.00000022      0.00000040      0.00012574      0.00000025      0.00052603      0.00074131      0.00000224      0.00004484      0.00000022
     0.400       0.00039438      0.99569447      0.00128189      0.00000382      0.00007641      0.00000045      0.00000062      0.00022150      0.00000044      0.00093077      0.00131114      0.00000383      0.00007985      0.00000045
     0.500       0.00061232      0.99332758      0.00197513      0.00000590      0.00011797      0.00000083      0.00000087      0.00034285      0.00000067      0.00144631      0.00203763      0.00000592      0.00012519      0.00000082
     0.600       0.00087546      0.99047508      0.00280323      0.00000853      0.00016797      0.00000143      0.00000119      0.00048890      0.00000098      0.00206958      0.00291639      0.00000860      0.00018126      0.00000141
     0.700       0.00118221      0.98715513      0.00375740      0.00001190      0.00022629      0.00000232      0.00000155      0.00065872      0.00000138      0.00279703      0.00394327      0.00001205      0.00024849      0.00000227
     0.800       0.00153078      0.98338773      0.00482908      0.00001614      0.00029319      0.00000358      0.00000195      0.00085120      0.00000193      0.00362486      0.00511261      0.00001643      0.00032703      0.00000349
     0.900       0.00191935      0.97919555      0.00600904      0.00002149      0.00036827      0.00000531      0.00000241      0.00106511      0.00000264      0.00454775      0.00641867      0.00002200      0.00041725      0.00000515
     1.000       0.00234567      0.97459995      0.00728925      0.00002818      0.00045139      0.00000762      0.00000295      0.00129925      0.00000355      0.00556141      0.00785463      0.00002906      0.00051972      0.00000737
     1.100       0.00280730      0.96962582      0.00865929      0.00003645      0.00054290      0.00001064      0.00000355      0.00155248      0.00000470      0.00666049      0.00941365      0.00003786      0.00063461      0.00001025
     1.200       0.00330197      0.96430075      0.01011035      0.00004646      0.00064306      0.00001449      0.00000424      0.00182296      0.00000613      0.00783980      0.01108520      0.00004864      0.00076204      0.00001389
     1.300       0.00382740      0.95865006      0.01163205      0.00005846      0.00075202      0.00001931      0.00000505      0.00210940      0.00000786      0.00909353      0.01286190      0.00006168      0.00090283      0.00001844
     1.400       0.00438035      0.95270317      0.01321453      0.00007281      0.00086954      0.00002520      0.00000598      0.00241029      0.00000997      0.01041567      0.01473392      0.00007740      0.00105719      0.00002397
     1.500       0.00495814      0.94648778      0.01484628      0.00008991      0.00099600      0.00003235      0.00000707      0.00272432      0.00001249      0.01180030      0.01669301      0.00009627      0.00122542      0.00003065
     1.600       0.00555764      0.94003572      0.01651749      0.00010993      0.00113161      0.00004089      0.00000833      0.00304931      0.00001545      0.01324129      0.01872765      0.00011859      0.00140751      0.00003860
     1.700       0.00617630      0.93337579      0.01821887      0.00013324      0.00127601      0.00005102      0.00000978      0.00338397      0.00001890      0.01473220      0.02082709      0.00014477      0.00160407      0.00004799
     1.800       0.00681087      0.92654099      0.01993708      0.00015997      0.00142938      0.00006278      0.00001145      0.00372666      0.00002289      0.01626612      0.02298258      0.00017506      0.00181532      0.00005885
     1.900       0.00745856      0.91956064      0.02166415      0.00019025      0.00159192      0.00007637      0.00001335      0.00407552      0.00002748      0.01783749      0.02518190      0.00020965      0.00204137      0.00007134
     2.000       0.00811672      0.91246676      0.02338740      0.00022457      0.00176338      0.00009194      0.00001549      0.00442908      0.00003274      0.01943995      0.02741438      0.00024908      0.00228293      0.00008559
     2.100       0.00878132      0.90529047      0.02509918      0.00026310      0.00194466      0.00010963      0.00001787      0.00478530      0.00003870      0.02106832      0.02966584      0.00029378      0.00254013      0.00010172
     2.200       0.00945072      0.89806351      0.02679058      0.00030607      0.00213538      0.00012955      0.00002052      0.00514207      0.00004537      0.02271687      0.03192342      0.00034392      0.00281223      0.00011980
     2.300       0.01012091      0.89081522      0.02844953      0.00035383      0.00233545      0.00015186      0.00002343      0.00549815      0.00005283      0.02437942      0.03417882      0.00040011      0.00310046      0.00013998
     2.400       0.01079060      0.88357526      0.03006796      0.00040628      0.00254449      0.00017660      0.00002665      0.00585171      0.00006111      0.02605093      0.03641943      0.00046212      0.00340459      0.00016228
     2.500       0.01145534      0.87637595      0.03163538      0.00046365      0.00276319      0.00020393      0.00003018      0.00620108      0.00007027      0.02772587      0.03863331      0.00053049      0.00372449      0.00018686
     2.600       0.01211104      0.86924051      0.03314651      0.00052619      0.00299040      0.00023402      0.00003404      0.00654508      0.00008026      0.02940049      0.04081119      0.00060567      0.00406077      0.00021383
     2.700       0.01275731      0.86219989      0.03459157      0.00059423      0.00322603      0.00026688      0.00003828      0.00688151      0.00009124      0.03107040      0.04293783      0.00068801      0.00441368      0.00024316
     2.800       0.01339172      0.85527393      0.03596606      0.00066789      0.00347113      0.00030259      0.00004281      0.00720890      0.00010314      0.03273337      0.04500370      0.00077741      0.00478250      0.00027486
     2.900       0.01401111      0.84849098      0.03726304      0.00074707      0.00372506      0.00034121      0.00004768      0.00752527      0.00011599      0.03438581      0.04699657      0.00087382      0.00516731      0.00030908
     3.000       0.01461372      0.84187615      0.03847428      0.00083187      0.00398701      0.00038281      0.00005290      0.00782937      0.00012987      0.03602564      0.04890422      0.00097762      0.00556877      0.00034578
     3.100       0.01519672      0.83545172      0.03959342      0.00092262      0.00425761      0.00042743      0.00005847      0.00811947      0.00014479      0.03765017      0.05071677      0.00108901      0.00598676      0.00038503
     3.200       0.01575837      0.82922950      0.04061906      0.00101873      0.00453568      0.00047506      0.00006437      0.00839555      0.00016076      0.03925767      0.05242964      0.00120783      0.00642094      0.00042684
     3.300       0.01629664      0.82322364      0.04154827      0.00112088      0.00482175      0.00052573      0.00007067      0.00865605      0.00017778      0.04084855      0.05403293      0.00133457      0.00687133      0.00047121
     3.400       0.01681032      0.81745697      0.04237480      0.00122857      0.00511409      0.00057931      0.00007729      0.00889912      0.00019587      0.04242133      0.05551723      0.00146888      0.00733816      0.00051807
     3.500       0.01729792      0.81194401      0.04309704      0.00134148      0.00541272      0.00063586      0.00008424      0.00912335      0.00021506      0.04397722      0.05687287      0.00161029      0.00782054      0.00056739
     3.600       0.01775870      0.80668996      0.04371355      0.00145992      0.00571818      0.00069537      0.00009143      0.00932834      0.00023536      0.04551717      0.05809530      0.00175934      0.00831815      0.00061921
     3.700       0.01819035      0.80171726      0.04421710      0.00158333      0.00602870      0.00075769      0.00009895      0.00951334      0.00025678      0.04704084      0.05917585      0.00191525      0.00883117      0.00067340
     3.800       0.01859157      0.79701832      0.04461435      0.00171177      0.00634390      0.00082272      0.00010676      0.00967785      0.00027932      0.04855122      0.06011525      0.00207803      0.00935903      0.00072991
     3.900       0.01896191      0.79260565      0.04490146      0.00184515      0.00666200      0.00089042      0.00011484      0.00981963      0.00030304      0.05005039      0.06090606      0.00224763      0.00990323      0.00078860
     4.000       0.01930236      0.78847462      0.04508093      0.00198343      0.00698335      0.00096062      0.00012320      0.00993985      0.00032801      0.05154112      0.06154853      0.00242353      0.01046102      0.00084942
     4.100       0.01961070      0.78464012      0.04514848      0.00212611      0.00730776      0.00103323      0.00013186      0.01003642      0.00035414      0.05302733      0.06203335      0.00260486      0.01103330      0.00091234
     4.200       0.01988956      0.78109411      0.04510700      0.00227326      0.00763316      0.00110823      0.00014074      0.01011013      0.00038142      0.05451249      0.06235962      0.00279204      0.01162097      0.00097726
     4.300       0.02014132      0.77782141      0.04496329      0.00242490      0.00795931      0.00118531      0.00014981      0.01016141      0.00040989      0.05600143      0.06253063      0.00298485      0.01222247      0.00104398
     4.400       0.02036004      0.77482141      0.04472142      0.00257990      0.00828625      0.00126437      0.00015902      0.01019048      0.00043951      0.05749854      0.06254764      0.00318212      0.01283688      0.00111244
     4.500       0.02054937      0.77209348      0.04437917      0.00273888      0.00861091      0.00134515      0.00016839      0.01019681      0.00047031      0.05900767      0.06240918      0.00338396      0.01346433      0.00118239
     4.600       0.02070827      0.76961632      0.04394595      0.00290076      0.00893448      0.00142754      0.00017789      0.01018093      0.00050227      0.06053387      0.06212469      0.00358905      0.01410415      0.00125384
     4.700       0.02083899      0.76739775      0.04341685      0.00306539      0.00925506      0.00151138      0.00018750      0.01014295      0.00053542      0.06208418      0.06168531      0.00379669      0.01475586      0.00132669
     4.800       0.02094225      0.76541433      0.04280269      0.00323222      0.00957227      0.00159632      0.00019712      0.01008255      0.00056978      0.06366351      0.06109961      0.00400752      0.01541920      0.00140063
     4.900       0.02101744      0.76364189      0.04211141      0.00340087      0.00988569      0.00168237      0.00020676      0.01000124      0.00060527      0.06527847      0.06037912      0.00422006      0.01609370      0.00147569
     5.000       0.02106764      0.76207084      0.04134530      0.00357180      0.01019383      0.00176930      0.00021637      0.00990033      0.00064186      0.06693312      0.05952593      0.00443433      0.01677779      0.00155156
     5.100       0.02109437      0.76069651      0.04050334      0.00374395      0.01049587      0.00185695      0.00022595      0.00977912      0.00067952      0.06863512      0.05854170      0.00464855      0.01747081      0.00162825
     5.200       0.02109837      0.75950050      0.03959416      0.00391712      0.01078902      0.00194516      0.00023540      0.00963902      0.00071846      0.07038937      0.05743470      0.00486257      0.01817043      0.00170572
     5.300       0.02108041      0.75845159      0.03862643      0.00409106      0.01107662      0.00203354      0.00024479      0.00948021      0.00075857      0.07220213      0.05621566      0.00507554      0.01887977      0.00178367
     5.400       0.02104149      0.75753254      0.03760767      0.00426427      0.01135524      0.00212203      0.00025400      0.00930455      0.00079980      0.07407872      0.05489453      0.00528666      0.01959643      0.00186204
     5.500       0.02098330      0.75672513      0.03653950      0.00443746      0.01162538      0.00221044      0.00026302      0.00911287      0.00084199      0.07602607      0.05347891      0.00549515      0.02032002      0.00194077
     5.600       0.02090741      0.75599816      0.03543526      0.00460992      0.01188699      0.00229862      0.00027184      0.00890662      0.00088549      0.07804559      0.05198600      0.00570009      0.02104820      0.00201983
     5.700       0.02081453      0.75533618      0.03429974      0.00478043      0.01213927      0.00238628      0.00028048      0.00868868      0.00093023      0.08014197      0.05042296      0.00590006      0.02178014      0.00209904
     5.800       0.02070658      0.75472451      0.03313334      0.00494950      0.01238063      0.00247336      0.00028888      0.00845929      0.00097616      0.08232154      0.04879667      0.00609541      0.02251579      0.00217833
     5.900       0.02058610      0.75412323      0.03194883      0.00511658      0.01261336      0.00255978      0.00029705      0.00821975      0.00102330      0.08459126      0.04712075      0.00628603      0.02325627      0.00225771
     6.000       0.02045236      0.75352124      0.03075137      0.00528129      0.01283448      0.00264541      0.00030484      0.00797224      0.00107166      0.08695209      0.04540643      0.00647045      0.02399906      0.00233707
     6.100       0.02030954      0.75289549      0.02954536      0.00544369      0.01304371      0.00273014      0.00031239      0.00771804      0.00112112      0.08940886      0.04366605      0.00664839      0.02474086      0.00241636
     6.200       0.02015762      0.75222617      0.02833786      0.00560282      0.01324177      0.00281372      0.00031971      0.00745843      0.00117176      0.09196286      0.04191051      0.00681899      0.02548224      0.00249553
     6.300       0.01999717      0.75149412      0.02713339      0.00575842      0.01342732      0.00289608      0.00032685      0.00719485      0.00122343      0.09461920      0.04014845      0.00698152      0.02622478      0.00257442
     6.400       0.01983049      0.75067686      0.02593991      0.00591020      0.01360016      0.00297712      0.00033369      0.00692967      0.00127625      0.09737741      0.03839585      0.00713525      0.02696399      0.00265315
     6.500       0.01965917      0.74975602      0.02475978      0.00605671      0.01376108      0.00305679      0.00034014      0.00666454      0.00133047      0.10023690      0.03666580      0.00727956      0.02770127      0.00273178
     6.600       0.01948306      0.74870928      0.02360036      0.00619869      0.01391082      0.00313535      0.00034622      0.00640078      0.00138583      0.10320282      0.03496726      0.00741433      0.02843473      0.00281047
     6.700       0.01930512      0.74752102      0.02246584      0.00633531      0.01404848      0.00321264      0.00035199      0.00614014      0.00144231      0.10627259      0.03331184      0.00753817      0.02916526      0.00288930
     6.800       0.01912543      0.74617679      0.02136243      0.00646610      0.01417408      0.00328886      0.00035749      0.00588358      0.00150003      0.10944614      0.03170928      0.00765113      0.02989033      0.00296833
     6.900       0.01894549      0.74466470      0.02029390      0.00659209      0.01428760      0.00336374      0.00036279      0.00563184      0.00155870      0.11271734      0.03017122      0.00775355      0.03060952      0.00304750
     7.000       0.01876435      0.74297602      0.01926218      0.00671179      0.01438996      0.00343758      0.00036791      0.00538654      0.00161833      0.11608967      0.02870130      0.00784494      0.03132244      0.00312701
     7.100       0.01858135      0.74109225      0.01827447      0.00682442      0.01448065      0.00351016      0.00037285      0.00514934      0.00167920      0.11956095      0.02731351      0.00792488      0.03202912      0.00320685
     7.200       0.01839860      0.73900185      0.01733067      0.00693106      0.01456213      0.00358171      0.00037768      0.00492138      0.00174129      0.12312629      0.02601630      0.00799379      0.03272993      0.00328733
     7.300       0.01821850      0.73669905      0.01643440      0.00703106      0.01463291      0.00365233      0.00038227      0.00470322      0.00180436      0.12678172      0.02481851      0.00805085      0.03342223      0.00336858
     7.400       0.01803943      0.73418104      0.01558842      0.00712354      0.01469343      0.00372208      0.00038666      0.00449693      0.00186850      0.13052267      0.02372419      0.00809608      0.03410646      0.00345059
     7.500       0.01786236      0.73144072      0.01479184      0.00720893      0.01474585      0.00379095      0.00039088      0.00430236      0.00193404      0.13434795      0.02273852      0.00812929      0.03478291      0.00353338
     7.600       0.01768649      0.72847796      0.01404750      0.00728693      0.01479030      0.00385914      0.00039490      0.00412059      0.00200053      0.13824813      0.02186653      0.00815139      0.03545231      0.00361733
     7.700       0.01751298      0.72529690      0.01335501      0.00735795      0.01482620      0.00392665      0.00039887      0.00395238      0.00206800      0.14221859      0.02110749      0.00816246      0.03611394      0.00370258
     7.800       0.01734136      0.72189562      0.01271315      0.00742165      0.01485573      0.00399355      0.00040291      0.00379822      0.00213658      0.14625325      0.02046845      0.00816208      0.03676838      0.00378907
     7.900       0.01717289      0.71827569      0.01212272      0.00747933      0.01487883      0.00406008      0.00040702      0.00365889      0.00220605      0.15034690      0.01994714      0.00815186      0.03741568      0.00387694
     8.000       0.01700604      0.71443580      0.01158521      0.00752978      0.01489679      0.00412645      0.00041123      0.00353460      0.00227664      0.15449354      0.01954978      0.00813084      0.03805679      0.00396652
     8.100       0.01683948      0.71038498      0.01110108      0.00757311      0.01491163      0.00419253      0.00041557      0.00342641      0.00234840      0.15868509      0.01927240      0.00809999      0.03869163      0.00405770
     8.200       0.01667376      0.70612947      0.01066992      0.00760882      0.01492291      0.00425816      0.00042001      0.00333449      0.00242160      0.16291222      0.01911740      0.00805848      0.03932229      0.00415046
     8.300       0.01650729      0.70168454      0.01028906      0.00763666      0.01492951      0.00432386      0.00042469      0.00325794      0.00249584      0.16717095      0.01907965      0.00800663      0.03994810      0.00424526
     8.400       0.01634266      0.69705243      0.00995782      0.00765790      0.01493353      0.00438967      0.00042943      0.00319645      0.00257099      0.17145507      0.01915695      0.00794638      0.04056840      0.00434233
     8.500       0.01617899      0.69224508      0.00967357      0.00767251      0.01493467      0.00445569      0.00043430      0.00314988      0.00264727      0.17575688      0.01934562      0.00787788      0.04118648      0.00444119
     8.600       0.01601599      0.68726511      0.00943842      0.00768091      0.01493532      0.00452152      0.00043946      0.00311854      0.00272487      0.18006803      0.01964262      0.00780249      0.04180493      0.00454178
     8.700       0.01585367      0.68213941      0.00924773      0.00768170      0.01493694      0.00458778      0.00044480      0.00310153      0.00280382      0.18437758      0.02004065      0.00771858      0.04242105      0.00464475
     8.800       0.01569109      0.67687656      0.00910085      0.00767507      0.01493855      0.00465433      0.00045048      0.00309904      0.00288393      0.18868054      0.02053384      0.00762735      0.04303867      0.00474969
     8.900       0.01552791      0.67148742      0.00899520      0.00766211      0.01494085      0.00472114      0.00045650      0.00311030      0.00296554      0.19297118      0.02111644      0.00753004      0.04365857      0.00485680
     9.000       0.01536473      0.66599019      0.00892841      0.00764378      0.01494390      0.00478802      0.00046284      0.00313437      0.00304848      0.19724104      0.02178028      0.00742837      0.04427982      0.00496576
     9.100       0.01519957      0.66040320      0.00889759      0.00761847      0.01494926      0.00485533      0.00046950      0.00317052      0.00313266      0.20148631      0.02251867      0.00732130      0.04490063      0.00507698
     9.200       0.01503480      0.65474691      0.00889902      0.00758749      0.01495531      0.00492311      0.00047648      0.00321769      0.00321828      0.20569353      0.02332067      0.00721057      0.04552580      0.00519035
     9.300       0.01486842      0.64902582      0.00893345      0.00755085      0.01496276      0.00499097      0.00048382      0.00327680      0.00330547      0.20986337      0.02418203      0.00709621      0.04615443      0.00530561
     9.400       0.01470151      0.64325735      0.00899549      0.00750811      0.01497478      0.00505918      0.00049152      0.00334525      0.00339424      0.21398968      0.02509266      0.00697799      0.04678964      0.00542259
     9.500       0.01453387      0.63745281      0.00908462      0.00746166      0.01499110      0.00512758      0.00049956      0.00342173      0.00348453      0.21806585      0.02604442      0.00685844      0.04743259      0.00554124
     9.600       0.01436402      0.63162967      0.00920010      0.00741176      0.01501081      0.00519545      0.00050781      0.00350594      0.00357639      0.22208565      0.02702920      0.00673831      0.04808436      0.00566055
     9.700       0.01419467      0.62579380      0.00934036      0.00735772      0.01503382      0.00526303      0.00051642      0.00359693      0.00367017      0.22605245      0.02803933      0.00661739      0.04874338      0.00578054
     9.800       0.01402247      0.61997427      0.00950056      0.00730097      0.01505900      0.00532996      0.00052527      0.00369415      0.00376575      0.22995834      0.02906291      0.00649683      0.04940862      0.00590089
     9.900       0.01385130      0.61418372      0.00967611      0.00724101      0.01508745      0.00539681      0.00053445      0.00379680      0.00386284      0.23379663      0.03009017      0.00637718      0.05008319      0.00602234
    10.000       0.01368110      0.60842645      0.00986842      0.00717710      0.01512101      0.00546313      0.00054403      0.00390426      0.00396210      0.23756381      0.03111918      0.00625801      0.05076760      0.00614380
    10.100       0.01351239      0.60271410      0.01007593      0.00710997      0.01515886      0.00552874      0.00055383      0.00401586      0.00406348      0.24125898      0.03214137      0.00613971      0.05146165      0.00626513
    10.200       0.01334561      0.59706433      0.01029520      0.00703913      0.01519998      0.00559354      0.00056375      0.00412956      0.00416705      0.24487563      0.03314913      0.00602209      0.05216887      0.00638615
    10.300       0.01318158      0.59148679      0.01052405      0.00696545      0.01524415      0.00565744      0.00057385      0.00424584      0.00427281      0.24841948      0.03413340      0.00590650      0.05288206      0.00650658
    10.400       0.01301989      0.58598672      0.01075958      0.00688998      0.01529308      0.00571990      0.00058422      0.00436341      0.00438044      0.25189105      0.03508429      0.00579404      0.05360765      0.00662575
    10.500       0.01286261      0.58057169      0.01100392      0.00681349      0.01534669      0.00578085      0.00059449      0.00448145      0.00449048      0.25528378      0.03599886      0.00568532      0.05434290      0.00674347
    10.600       0.01271040      0.57524239      0.01125168      0.00673613      0.01540590      0.00584008      0.00060499      0.00459820      0.00460281      0.25860727      0.03686837      0.00558147      0.05509096      0.00685935
    10.700       0.01256303      0.57000370      0.01150524      0.00665795      0.01547093      0.00589700      0.00061563      0.00471403      0.00471752      0.26185932      0.03769076      0.00548197      0.05585011      0.00697282
    10.800       0.01242387      0.56486266      0.01176108      0.00658028      0.01553992      0.00595169      0.00062644      0.00482808      0.00483463      0.26504321      0.03846053      0.00538796      0.05661602      0.00708362
    10.900       0.01229290      0.55983022      0.01201635      0.00650236      0.01561353      0.00600384      0.00063706      0.00493984      0.00495403      0.26815370      0.03917134      0.00529878      0.05739433      0.00719173
    11.000       0.01217019      0.55489431      0.01227242      0.00642409      0.01569498      0.00605371      0.00064790      0.00504851      0.00507533      0.27120096      0.03982001      0.00521427      0.05818660      0.00729673
    11.100       0.01205646      0.55007108      0.01252712      0.00634571      0.01577936      0.00610122      0.00065900      0.00515435      0.00519933      0.27418458      0.04040164      0.00513435      0.05898766      0.00739813
    11.200       0.01195350      0.54535446      0.01278158      0.00626808      0.01587002      0.00614620      0.00067014      0.00525730      0.00532537      0.27710719      0.04091537      0.00506031      0.05979447      0.00749601
    11.300       0.01186248      0.54074293      0.01303346      0.00619128      0.01596578      0.00618738      0.00068133      0.00535636      0.00545390      0.27997320      0.04136179      0.00499167      0.06060929      0.00758916
    11.400       0.01178193      0.53623359      0.01328132      0.00611576      0.01606724      0.00622625      0.00069247      0.00545086      0.00558458      0.28278765      0.04173788      0.00492880      0.06143312      0.00767853
    11.500       0.01171360      0.53183059      0.01352409      0.00604157      0.01617270      0.00626238      0.00070363      0.00554091      0.00571731      0.28555462      0.04204172      0.00487104      0.06226209      0.00776375
    11.600       0.01165817      0.52753053      0.01376180      0.00596826      0.01628278      0.00629487      0.00071503      0.00562589      0.00585241      0.28827615      0.04227517      0.00481833      0.06309655      0.00784406
    11.700       0.01161601      0.52332507      0.01399541      0.00589581      0.01639916      0.00632408      0.00072641      0.00570551      0.00598961      0.29095720      0.04243885      0.00477060      0.06393702      0.00791925
    11.800       0.01158934      0.51922130      0.01422246      0.00582392      0.01651911      0.00635001      0.00073774      0.00577900      0.00612908      0.29360011      0.04253087      0.00472723      0.06478084      0.00798899
    11.900       0.01157880      0.51520187      0.01444465      0.00575318      0.01664323      0.00637237      0.00074900      0.00584773      0.00627098      0.29621292      0.04255671      0.00468871      0.06562633      0.00805351
    12.000       0.01158532      0.51127074      0.01466041      0.00568496      0.01677256      0.00639136      0.00076013      0.00591119      0.00641491      0.29879117      0.04251513      0.00465530      0.06647381      0.00811303
    12.100       0.01160828      0.50741056      0.01486860      0.00561760      0.01690797      0.00640712      0.00077118      0.00596947      0.00656113      0.30135163      0.04241061      0.00462578      0.06732267      0.00816741
    12.200       0.01164668      0.50362730      0.01507128      0.00555167      0.01704696      0.00641960      0.00078234      0.00602358      0.00670819      0.30389514      0.04224610      0.00459936      0.06816544      0.00821636
    12.300       0.01170069      0.49990654      0.01526725      0.00548759      0.01718875      0.00642844      0.00079355      0.00607216      0.00685750      0.30642425      0.04202842      0.00457695      0.06900804      0.00825987
    12.400       0.01177050      0.49624615      0.01545526      0.00542537      0.01733340      0.00643372      0.00080484      0.00611572      0.00700828      0.30894970      0.04175955      0.00455854      0.06984110      0.00829787
    12.500       0.01185641      0.49263218      0.01563676      0.00536485      0.01748035      0.00643583      0.00081619      0.00615493      0.00716124      0.31147408      0.04144447      0.00454334      0.07066876      0.00833061
    12.600       0.01195712      0.48906185      0.01580851      0.00530639      0.01763034      0.00643482      0.00082773      0.00619014      0.00731602      0.31400445      0.04108442      0.00453144      0.07148876      0.00835803
    12.700       0.01207485      0.48552798      0.01597078      0.00524992      0.01778421      0.00643135      0.00083927      0.00622140      0.00747248      0.31653461      0.04068714      0.00452218      0.07230344      0.00838039
    12.800       0.01220883      0.48202615      0.01612266      0.00519573      0.01793952      0.00642498      0.00085097      0.00624889      0.00763077      0.31907377      0.04025549      0.00451583      0.07310792      0.00839847
    12.900       0.01235781      0.47854755      0.01626559      0.00514370      0.01809680      0.00641643      0.00086274      0.00627276      0.00779049      0.32162268      0.03979272      0.00451175      0.07390698      0.00841199
    13.000       0.01251991      0.47508232      0.01639913      0.00509347      0.01825751      0.00640566      0.00087455      0.00629288      0.00795138      0.32418985      0.03930559      0.00450987      0.07469633      0.00842153
    13.100       0.01269589      0.47162540      0.01652207      0.00504546      0.01841982      0.00639322      0.00088643      0.00631061      0.00811358      0.32678080      0.03879694      0.00450972      0.07547290      0.00842716
    13.200       0.01288319      0.46817409      0.01663591      0.00499919      0.01858510      0.00637880      0.00089832      0.00632522      0.00827830      0.32938864      0.03827577      0.00451098      0.07623736      0.00842914
    13.300       0.01308208      0.46472553      0.01673878      0.00495377      0.01875121      0.00636336      0.00091041      0.00633803      0.00844414      0.33202163      0.03774387      0.00451259      0.07698654      0.00842806
    13.400       0.01329013      0.46126368      0.01683088      0.00491090      0.01891977      0.00634660      0.00092251      0.00634848      0.00861063      0.33468311      0.03720844      0.00451573      0.07772510      0.00842404
    13.500       0.01350715      0.45779730      0.01690965      0.00486966      0.01908887      0.00632945      0.00093498      0.00635573      0.00877760      0.33737152      0.03667218      0.00451946      0.07844874      0.00841771
    13.600       0.01373360      0.45431324      0.01697741      0.00483058      0.01925931      0.00631229      0.00094808      0.00636136      0.00894588      0.34008854      0.03613901      0.00452412      0.07915721      0.00840936
    13.700       0.01396608      0.45081422      0.01702975      0.00479227      0.01943311      0.00629536      0.00096147      0.00636574      0.00911455      0.34283512      0.03561107      0.00452815      0.07985318      0.00839994
    13.800       0.01420387      0.44729147      0.01706734      0.00475693      0.01960711      0.00627848      0.00097504      0.00636971      0.00928502      0.34560903      0.03509542      0.00453290      0.08053834      0.00838935
    13.900       0.01444273      0.44375070      0.01709033      0.00472278      0.01978295      0.00626206      0.00098895      0.00637334      0.00945566      0.34840522      0.03459854      0.00453707      0.08121159      0.00837809
    14.000       0.01468498      0.44019501      0.01709888      0.00468972      0.01995790      0.00624685      0.00100270      0.00637574      0.00962636      0.35123559      0.03411925      0.00454075      0.08185885      0.00836744
    14.100       0.01492694      0.43661489      0.01709224      0.00465772      0.02013390      0.00623324      0.00101676      0.00637817      0.00979753      0.35409369      0.03366231      0.00454335      0.08249193      0.00835733
    14.200       0.01516687      0.43301095      0.01707015      0.00462624      0.02031075      0.00622150      0.00103074      0.00638038      0.00996910      0.35697506      0.03323198      0.00454442      0.08311281      0.00834903
    14.300       0.01540238      0.42937741      0.01703318      0.00459610      0.02048689      0.00621219      0.00104546      0.00638290      0.01014246      0.35988376      0.03283331      0.00454507      0.08371609      0.00834281
    14.400       0.01563574      0.42571365      0.01697951      0.00456734      0.02066384      0.00620555      0.00106070      0.00638686      0.01031593      0.36281519      0.03246831      0.00454504      0.08430288      0.00833946
    14.500       0.01586191      0.42203226      0.01690940      0.00454016      0.02083834      0.00620109      0.00107642      0.00639248      0.01048966      0.36576832      0.03214055      0.00454454      0.08486616      0.00833871
    14.600       0.01608213      0.41832315      0.01682495      0.00451474      0.02101597      0.00620045      0.00109264      0.00639977      0.01066342      0.36872926      0.03185194      0.00454359      0.08541643      0.00834158
    14.700       0.01629472      0.41458372      0.01672529      0.00449030      0.02119374      0.00620321      0.00110941      0.00640906      0.01083779      0.37170239      0.03160576      0.00454183      0.08595471      0.00834808
    14.800       0.01649906      0.41082141      0.01661054      0.00446654      0.02136972      0.00620983      0.00112687      0.00642109      0.01101386      0.37468727      0.03139966      0.00453891      0.08647607      0.00835918
    14.900       0.01669234      0.40704662      0.01648148      0.00444357      0.02154613      0.00622014      0.00114449      0.00643552      0.01118869      0.37767094      0.03123813      0.00453505      0.08698224      0.00837468
    15.000       0.01687351      0.40325837      0.01633895      0.00442115      0.02171845      0.00623489      0.00116269      0.00645317      0.01136611      0.38065639      0.03112131      0.00452983      0.08746997      0.00839521
    15.100       0.01704157      0.39945037      0.01618395      0.00439958      0.02189167      0.00625402      0.00118155      0.00647441      0.01154514      0.38363751      0.03105051      0.00452397      0.08794518      0.00842058
    15.200       0.01719675      0.39563329      0.01601395      0.00438020      0.02206361      0.00627769      0.00120103      0.00650018      0.01172441      0.38660907      0.03102208      0.00451866      0.08840785      0.00845122
    15.300       0.01733654      0.39179861      0.01583057      0.00436225      0.02223683      0.00630612      0.00122120      0.00653136      0.01190560      0.38957328      0.03103962      0.00451288      0.08885797      0.00848717
    15.400       0.01746117      0.38796737      0.01563497      0.00434486      0.02240946      0.00633950      0.00124198      0.00656734      0.01208565      0.39252012      0.03109758      0.00450725      0.08929429      0.00852846
    15.500       0.01757123      0.38413846      0.01542962      0.00432793      0.02257975      0.00637824      0.00126324      0.00660914      0.01226668      0.39544091      0.03119978      0.00450215      0.08971691      0.00857598
    15.600       0.01766326      0.38030918      0.01521447      0.00431174      0.02274832      0.00642225      0.00128504      0.00665707      0.01244898      0.39833722      0.03134468      0.00449770      0.09013086      0.00862922
    15.700       0.01773884      0.37648191      0.01499236      0.00429616      0.02291661      0.00647129      0.00130737      0.00671201      0.01263240      0.40120445      0.03153082      0.00449344      0.09053415      0.00868819
    15.800       0.01779592      0.37266980      0.01476126      0.00428176      0.02308172      0.00652552      0.00133070      0.00677420      0.01281696      0.40403895      0.03175366      0.00449008      0.09092613      0.00875333
    15.900       0.01783671      0.36888352      0.01452350      0.00426810      0.02324351      0.00658496      0.00135474      0.00684384      0.01299962      0.40682613      0.03201544      0.00448821      0.09130725      0.00882446
    16.000       0.01786007      0.36511799      0.01428072      0.00425448      0.02340550      0.00665009      0.00137927      0.00692174      0.01318326      0.40956213      0.03231104      0.00448703      0.09168473      0.00890193
    16.100       0.01786667      0.36137182      0.01403496      0.00424225      0.02356999      0.00671995      0.00140449      0.00700773      0.01336645      0.41224622      0.03264013      0.00448770      0.09205694      0.00898470
    16.200       0.01785377      0.35765701      0.01378591      0.00423008      0.02373099      0.00679475      0.00142990      0.00710234      0.01355235      0.41488236      0.03300055      0.00448955      0.09241724      0.00907321
    16.300       0.01782313      0.35397737      0.01353746      0.00421905      0.02388937      0.00687425      0.00145593      0.00720585      0.01373843      0.41745700      0.03339028      0.00449385      0.09277123      0.00916680
    16.400       0.01777665      0.35033079      0.01329191      0.00420945      0.02404326      0.00695922      0.00148284      0.00731839      0.01392639      0.41996676      0.03380760      0.00450086      0.09311949      0.00926639
    16.500       0.01771204      0.34671420      0.01305046      0.00420017      0.02419834      0.00704963      0.00151068      0.00744107      0.01411527      0.42241138      0.03425040      0.00450982      0.09346466      0.00937189
    16.600       0.01763162      0.34313610      0.01281310      0.00419173      0.02435352      0.00714465      0.00153864      0.00757380      0.01430441      0.42479194      0.03471420      0.00452105      0.09380294      0.00948230
    16.700       0.01753740      0.33959700      0.01258372      0.00418359      0.02450665      0.00724376      0.00156710      0.00771790      0.01449586      0.42709734      0.03520155      0.00453389      0.09413706      0.00959719
    16.800       0.01742820      0.33610253      0.01236272      0.00417584      0.02466165      0.00734737      0.00159641      0.00787093      0.01468875      0.42932281      0.03570453      0.00454931      0.09447239      0.00971656
