     0.000       0.00000000      1.00000000      0.00000000      0.00000000      0.00000000      0.00000000      0.00000000      0.00000000      0.00000000      0.00000000      0.00000000      0.00000000      0.00000000
     0.100       0.00000000      0.99972796      0.00027009      0.00000000      0.00000001      0.00000048      0.00000006      0.00000001      0.00000007      0.00000005      0.00000000      0.00000000      0.00000127
     0.200       0.00000000      0.99891377      0.00107867      0.00000000      0.00000002      0.00000189      0.00000019      0.00000002      0.00000027      0.00000017      0.00000001      0.00000001      0.00000498
     0.300       0.00000000      0.99756495      0.00241843      0.00000000      0.00000005      0.00000418      0.00000038      0.00000005      0.00000058      0.00000033      0.00000003      0.00000002      0.00001101
     0.400       0.00000000      0.99569466      0.00427655      0.00000000      0.00000008      0.00000722      0.00000060      0.00000008      0.00000098      0.00000051      0.00000004      0.00000004      0.00001924
     0.500       0.00000000      0.99331748      0.00663855      0.00000000      0.00000013      0.00001102      0.00000085      0.00000013      0.00000148      0.00000072      0.00000005      0.00000006      0.00002954
     0.600       0.00000000      0.99045162      0.00948626      0.00000000      0.00000019      0.00001551      0.00000115      0.00000019      0.00000207      0.00000097      0.00000007      0.00000007      0.00004189
     0.700       0.00000000      0.98711688      0.01280020      0.00000000      0.00000027      0.00002068      0.00000145      0.00000027      0.00000270      0.00000121      0.00000009      0.00000009      0.00005616
     0.800       0.00000000      0.98334681      0.01654707      0.00000000      0.00000036      0.00002638      0.00000175      0.00000036      0.00000327      0.00000146      0.00000011      0.00000011      0.00007231
     0.900       0.00000000      0.97916507      0.02070304      0.00000000      0.00000047      0.00003278      0.00000206      0.00000047      0.00000395      0.00000172      0.00000013      0.00000014      0.00009018
     1.000       0.00000000      0.97460114      0.02523971      0.00000000      0.00000059      0.00003892      0.00000236      0.00000059      0.00000470      0.00000196      0.00000015      0.00000016      0.00010973
     1.100       0.00000000      0.96969252      0.03011940      0.00000000      0.00000072      0.00004533      0.00000264      0.00000072      0.00000539      0.00000217      0.00000018      0.00000018      0.00013074
     1.200       0.00000000      0.96447167      0.03530928      0.00000000      0.00000088      0.00005225      0.00000293      0.00000088      0.00000609      0.00000238      0.00000021      0.00000020      0.00015324
     1.300       0.00000000      0.95897469      0.04077344      0.00000000      0.00000104      0.00005958      0.00000320      0.00000104      0.00000688      0.00000259      0.00000025      0.00000022      0.00017708
     1.400       0.00000000      0.95323787      0.04647595      0.00000000      0.00000122      0.00006702      0.00000346      0.00000122      0.00000768      0.00000278      0.00000029      0.00000024      0.00020226
     1.500       0.00000000      0.94729745      0.05238055      0.00000000      0.00000142      0.00007451      0.00000375      0.00000142      0.00000860      0.00000300      0.00000034      0.00000026      0.00022869
     1.600       0.00000000      0.94118809      0.05845244      0.00000000      0.00000162      0.00008228      0.00000407      0.00000162      0.00000963      0.00000324      0.00000040      0.00000029      0.00025632
     1.700       0.00000000      0.93494552      0.06465637      0.00000000      0.00000184      0.00009020      0.00000436      0.00000184      0.00001070      0.00000347      0.00000047      0.00000031      0.00028493
     1.800       0.00000000      0.92860572      0.07095652      0.00000000      0.00000207      0.00009821      0.00000461      0.00000207      0.00001180      0.00000367      0.00000054      0.00000033      0.00031445
     1.900       0.00000000      0.92220345      0.07731794      0.00000000      0.00000230      0.00010648      0.00000487      0.00000230      0.00001301      0.00000386      0.00000062      0.00000036      0.00034481
     2.000       0.00000000      0.91577231      0.08370715      0.00000000      0.00000254      0.00011481      0.00000511      0.00000254      0.00001434      0.00000405      0.00000071      0.00000037      0.00037607
     2.100       0.00000000      0.90934126      0.09009503      0.00000000      0.00000278      0.00012339      0.00000538      0.00000278      0.00001579      0.00000425      0.00000080      0.00000038      0.00040815
     2.200       0.00000000      0.90294252      0.09644949      0.00000000      0.00000303      0.00013220      0.00000563      0.00000303      0.00001734      0.00000443      0.00000091      0.00000040      0.00044103
     2.300       0.00000000      0.89660186      0.10274501      0.00000000      0.00000328      0.00014114      0.00000588      0.00000328      0.00001903      0.00000461      0.00000102      0.00000042      0.00047447
     2.400       0.00000000      0.89034226      0.10895846      0.00000000      0.00000353      0.00015035      0.00000611      0.00000354      0.00002091      0.00000476      0.00000114      0.00000043      0.00050851
     2.500       0.00000000      0.88418627      0.11506739      0.00000000      0.00000379      0.00015976      0.00000634      0.00000380      0.00002297      0.00000489      0.00000128      0.00000045      0.00054308
     2.600       0.00000000      0.87815141      0.12105431      0.00000000      0.00000405      0.00016937      0.00000657      0.00000406      0.00002519      0.00000502      0.00000142      0.00000046      0.00057815
     2.700       0.00000000      0.87225323      0.12690367      0.00000000      0.00000432      0.00017914      0.00000682      0.00000432      0.00002756      0.00000516      0.00000157      0.00000047      0.00061374
     2.800       0.00000000      0.86650821      0.13259916      0.00000000      0.00000458      0.00018909      0.00000703      0.00000458      0.00003013      0.00000524      0.00000173      0.00000049      0.00064977
     2.900       0.00000000      0.86092582      0.13813132      0.00000000      0.00000485      0.00019908      0.00000730      0.00000485      0.00003281      0.00000539      0.00000190      0.00000050      0.00068619
     3.000       0.00000000      0.85551827      0.14348803      0.00000000      0.00000512      0.00020919      0.00000755      0.00000512      0.00003564      0.00000550      0.00000208      0.00000050      0.00072301
     3.100       0.00000000      0.85028779      0.14866705      0.00000000      0.00000540      0.00021936      0.00000781      0.00000540      0.00003863      0.00000563      0.00000227      0.00000051      0.00076015
     3.200       0.00000000      0.84523805      0.15366473      0.00000000      0.00000568      0.00022964      0.00000809      0.00000569      0.00004177      0.00000576      0.00000248      0.00000052      0.00079759
     3.300       0.00000000      0.84037414      0.15847589      0.00000000      0.00000597      0.00024011      0.00000833      0.00000597      0.00004509      0.00000588      0.00000270      0.00000052      0.00083539
     3.400       0.00000000      0.83569811      0.16309872      0.00000000      0.00000627      0.00025069      0.00000857      0.00000627      0.00004857      0.00000599      0.00000294      0.00000053      0.00087334
     3.500       0.00000000      0.83120292      0.16754038      0.00000000      0.00000657      0.00026132      0.00000882      0.00000658      0.00005215      0.00000611      0.00000319      0.00000053      0.00091143
     3.600       0.00000000      0.82688686      0.17180265      0.00000000      0.00000689      0.00027190      0.00000909      0.00000689      0.00005580      0.00000626      0.00000346      0.00000054      0.00094965
     3.700       0.00000000      0.82274414      0.17589107      0.00000000      0.00000721      0.00028259      0.00000939      0.00000722      0.00005962      0.00000643      0.00000375      0.00000055      0.00098804
     3.800       0.00000000      0.81876899      0.17981150      0.00000000      0.00000755      0.00029333      0.00000970      0.00000755      0.00006356      0.00000662      0.00000405      0.00000055      0.00102658
     3.900       0.00000000      0.81495345      0.18357196      0.00000000      0.00000790      0.00030415      0.00001003      0.00000790      0.00006759      0.00000684      0.00000438      0.00000056      0.00106524
     4.000       0.00000000      0.81129034      0.18717978      0.00000000      0.00000826      0.00031492      0.00001040      0.00000826      0.00007170      0.00000708      0.00000473      0.00000057      0.00110396
     4.100       0.00000000      0.80776899      0.19064583      0.00000000      0.00000863      0.00032570      0.00001078      0.00000863      0.00007588      0.00000733      0.00000510      0.00000058      0.00114255
     4.200       0.00000000      0.80438203      0.19397719      0.00000000      0.00000902      0.00033651      0.00001121      0.00000902      0.00008012      0.00000761      0.00000549      0.00000059      0.00118122
     4.300       0.00000000      0.80112168      0.19718171      0.00000000      0.00000943      0.00034735      0.00001166      0.00000943      0.00008444      0.00000789      0.00000591      0.00000059      0.00121990
     4.400       0.00000000      0.79797656      0.20027083      0.00000000      0.00000985      0.00035814      0.00001215      0.00000985      0.00008879      0.00000822      0.00000635      0.00000060      0.00125864
     4.500       0.00000000      0.79493936      0.20325179      0.00000000      0.00001029      0.00036888      0.00001269      0.00001029      0.00009316      0.00000859      0.00000683      0.00000061      0.00129751
     4.600       0.00000000      0.79199729      0.20613738      0.00000000      0.00001076      0.00037960      0.00001325      0.00001075      0.00009755      0.00000899      0.00000733      0.00000062      0.00133648
     4.700       0.00000000      0.78914099      0.20893739      0.00000000      0.00001123      0.00039030      0.00001386      0.00001123      0.00010194      0.00000943      0.00000785      0.00000063      0.00137514
     4.800       0.00000000      0.78636007      0.21166217      0.00000000      0.00001173      0.00040092      0.00001450      0.00001173      0.00010633      0.00000991      0.00000842      0.00000064      0.00141359
     4.900       0.00000000      0.78364730      0.21431906      0.00000000      0.00001225      0.00041142      0.00001519      0.00001224      0.00011067      0.00001042      0.00000901      0.00000065      0.00145179
     5.000       0.00000000      0.78099606      0.21691469      0.00000000      0.00001279      0.00042173      0.00001592      0.00001279      0.00011497      0.00001097      0.00000965      0.00000066      0.00148979
     5.100       0.00000000      0.77839542      0.21945987      0.00000000      0.00001335      0.00043194      0.00001668      0.00001335      0.00011921      0.00001154      0.00001032      0.00000066      0.00152767
     5.200       0.00000000      0.77584025      0.22195984      0.00000000      0.00001394      0.00044196      0.00001750      0.00001394      0.00012337      0.00001218      0.00001102      0.00000067      0.00156534
     5.300       0.00000000      0.77331905      0.22442618      0.00000000      0.00001456      0.00045178      0.00001835      0.00001455      0.00012744      0.00001283      0.00001176      0.00000068      0.00160283
     5.400       0.00000000      0.77082764      0.22686325      0.00000000      0.00001519      0.00046141      0.00001923      0.00001519      0.00013140      0.00001350      0.00001254      0.00000068      0.00163998
     5.500       0.00000000      0.76836080      0.22927627      0.00000000      0.00001586      0.00047083      0.00002015      0.00001585      0.00013524      0.00001422      0.00001335      0.00000069      0.00167674
     5.600       0.00000000      0.76591254      0.23167121      0.00000000      0.00001655      0.00048000      0.00002113      0.00001654      0.00013894      0.00001500      0.00001423      0.00000070      0.00171316
     5.700       0.00000000      0.76347558      0.23405559      0.00000000      0.00001727      0.00048894      0.00002216      0.00001726      0.00014250      0.00001582      0.00001517      0.00000071      0.00174901
     5.800       0.00000000      0.76104908      0.23643018      0.00000000      0.00001801      0.00049761      0.00002325      0.00001800      0.00014590      0.00001668      0.00001614      0.00000071      0.00178443
     5.900       0.00000000      0.75863055      0.23879739      0.00000000      0.00001878      0.00050597      0.00002440      0.00001877      0.00014916      0.00001761      0.00001716      0.00000072      0.00181948
     6.000       0.00000000      0.75621260      0.24116477      0.00000000      0.00001960      0.00051404      0.00002562      0.00001958      0.00015225      0.00001859      0.00001824      0.00000073      0.00185397
     6.100       0.00000000      0.75379597      0.24353177      0.00000000      0.00002042      0.00052168      0.00002688      0.00002041      0.00015516      0.00001964      0.00001937      0.00000074      0.00188797
     6.200       0.00000000      0.75137903      0.24589980      0.00000000      0.00002129      0.00052900      0.00002819      0.00002127      0.00015789      0.00002074      0.00002058      0.00000075      0.00192146
     6.300       0.00000000      0.74895793      0.24827292      0.00000000      0.00002218      0.00053592      0.00002956      0.00002216      0.00016045      0.00002187      0.00002185      0.00000076      0.00195440
     6.400       0.00000000      0.74652804      0.25065578      0.00000000      0.00002309      0.00054234      0.00003097      0.00002307      0.00016281      0.00002307      0.00002317      0.00000077      0.00198689
     6.500       0.00000000      0.74409326      0.25304444      0.00000000      0.00002403      0.00054825      0.00003244      0.00002402      0.00016502      0.00002434      0.00002451      0.00000078      0.00201891
     6.600       0.00000000      0.74166243      0.25543027      0.00000000      0.00002500      0.00055368      0.00003397      0.00002499      0.00016704      0.00002567      0.00002595      0.00000078      0.00205021
     6.700       0.00000000      0.73922458      0.25782413      0.00000000      0.00002600      0.00055869      0.00003556      0.00002599      0.00016888      0.00002707      0.00002741      0.00000079      0.00208089
     6.800       0.00000000      0.73678029      0.26022565      0.00000000      0.00002706      0.00056310      0.00003721      0.00002705      0.00017053      0.00002856      0.00002896      0.00000081      0.00211076
     6.900       0.00000000      0.73433375      0.26263028      0.00000000      0.00002817      0.00056697      0.00003894      0.00002818      0.00017201      0.00003012      0.00003064      0.00000082      0.00214013
     7.000       0.00000000      0.73187880      0.26504478      0.00000000      0.00002927      0.00057028      0.00004071      0.00002929      0.00017334      0.00003172      0.00003246      0.00000082      0.00216852
     7.100       0.00000000      0.72942431      0.26746035      0.00000000      0.00003040      0.00057317      0.00004254      0.00003043      0.00017451      0.00003341      0.00003432      0.00000083      0.00219571
     7.200       0.00000000      0.72696508      0.26988165      0.00000000      0.00003161      0.00057563      0.00004444      0.00003165      0.00017554      0.00003517      0.00003637      0.00000083      0.00222202
     7.300       0.00000000      0.72450556      0.27230444      0.00000000      0.00003284      0.00057760      0.00004638      0.00003289      0.00017643      0.00003697      0.00003853      0.00000084      0.00224751
     7.400       0.00000000      0.72204042      0.27473423      0.00000000      0.00003410      0.00057902      0.00004835      0.00003417      0.00017714      0.00003880      0.00004074      0.00000085      0.00227218
     7.500       0.00000000      0.71957718      0.27716364      0.00000000      0.00003535      0.00057990      0.00005040      0.00003545      0.00017771      0.00004072      0.00004286      0.00000086      0.00229595
     7.600       0.00000000      0.71708171      0.27962645      0.00000000      0.00003665      0.00058028      0.00005243      0.00003678      0.00017816      0.00004263      0.00004516      0.00000087      0.00231889
     7.700       0.00000000      0.71460613      0.28207089      0.00000000      0.00003799      0.00058012      0.00005451      0.00003815      0.00017845      0.00004459      0.00004760      0.00000087      0.00234070
     7.800       0.00000000      0.71213055      0.28451697      0.00000000      0.00003936      0.00057939      0.00005664      0.00003955      0.00017863      0.00004663      0.00005001      0.00000088      0.00236140
     7.900       0.00000000      0.70966273      0.28695654      0.00000000      0.00004074      0.00057808      0.00005882      0.00004097      0.00017868      0.00004871      0.00005248      0.00000088      0.00238135
     8.000       0.00000000      0.70718822      0.28940403      0.00000000      0.00004221      0.00057630      0.00006104      0.00004247      0.00017861      0.00005084      0.00005508      0.00000089      0.00240030
     8.100       0.00000000      0.70471455      0.29185063      0.00000000      0.00004369      0.00057422      0.00006334      0.00004399      0.00017847      0.00005305      0.00005777      0.00000089      0.00241939
     8.200       0.00000000      0.70223607      0.29430395      0.00000000      0.00004508      0.00057169      0.00006559      0.00004545      0.00017821      0.00005522      0.00006042      0.00000090      0.00243741
     8.300       0.00000000      0.69976285      0.29675249      0.00000000      0.00004656      0.00056874      0.00006789      0.00004701      0.00017782      0.00005747      0.00006330      0.00000091      0.00245494
     8.400       0.00000000      0.69729277      0.29919955      0.00000000      0.00004804      0.00056518      0.00007022      0.00004857      0.00017735      0.00005977      0.00006614      0.00000091      0.00247150
     8.500       0.00000000      0.69484773      0.30162260      0.00000000      0.00004957      0.00056100      0.00007256      0.00005018      0.00017675      0.00006214      0.00006910      0.00000091      0.00248746
     8.600       0.00000000      0.69240452      0.30404471      0.00000000      0.00005114      0.00055644      0.00007495      0.00005185      0.00017606      0.00006457      0.00007210      0.00000092      0.00250274
     8.700       0.00000000      0.68996190      0.30646647      0.00000000      0.00005272      0.00055160      0.00007740      0.00005353      0.00017530      0.00006704      0.00007523      0.00000092      0.00251788
     8.800       0.00000000      0.68753565      0.30887254      0.00000000      0.00005432      0.00054639      0.00007989      0.00005525      0.00017448      0.00006955      0.00007843      0.00000093      0.00253257
     8.900       0.00000000      0.68512791      0.31126173      0.00000000      0.00005594      0.00054080      0.00008241      0.00005696      0.00017357      0.00007212      0.00008151      0.00000093      0.00254612
     9.000       0.00000000      0.68272080      0.31365231      0.00000000      0.00005759      0.00053489      0.00008490      0.00005872      0.00017261      0.00007474      0.00008467      0.00000094      0.00255783
     9.100       0.00000000      0.68031611      0.31604084      0.00000000      0.00005922      0.00052861      0.00008750      0.00006049      0.00017158      0.00007740      0.00008795      0.00000094      0.00256937
     9.200       0.00000000      0.67788210      0.31845934      0.00000000      0.00006084      0.00052206      0.00009016      0.00006228      0.00017047      0.00008014      0.00009114      0.00000095      0.00258052
     9.300       0.00000000      0.67543942      0.32088764      0.00000000      0.00006247      0.00051524      0.00009282      0.00006405      0.00016932      0.00008289      0.00009463      0.00000095      0.00259055
     9.400       0.00000000      0.67297180      0.32334164      0.00000000      0.00006412      0.00050814      0.00009551      0.00006588      0.00016812      0.00008564      0.00009832      0.00000096      0.00259985
     9.500       0.00000000      0.67049257      0.32580790      0.00000000      0.00006576      0.00050070      0.00009819      0.00006770      0.00016682      0.00008848      0.00010199      0.00000096      0.00260894
     9.600       0.00000000      0.66801148      0.32827650      0.00000000      0.00006739      0.00049307      0.00010092      0.00006950      0.00016547      0.00009136      0.00010558      0.00000096      0.00261777
     9.700       0.00000000      0.66550097      0.33077495      0.00000000      0.00006900      0.00048550      0.00010364      0.00007132      0.00016407      0.00009427      0.00010892      0.00000096      0.00262639
     9.800       0.00000000      0.66299446      0.33327047      0.00000000      0.00007065      0.00047773      0.00010642      0.00007318      0.00016264      0.00009722      0.00011239      0.00000096      0.00263389
     9.900       0.00000000      0.66046241      0.33579106      0.00000000      0.00007226      0.00047000      0.00010919      0.00007504      0.00016119      0.00010026      0.00011588      0.00000096      0.00264174
    10.000       0.00000000      0.65792343      0.33832021      0.00000000      0.00007380      0.00046216      0.00011198      0.00007680      0.00015971      0.00010334      0.00011920      0.00000096      0.00264841
    10.100       0.00000000      0.65537399      0.34086034      0.00000000      0.00007531      0.00045414      0.00011476      0.00007855      0.00015817      0.00010649      0.00012264      0.00000096      0.00265465
    10.200       0.00000000      0.65279669      0.34342776      0.00000000      0.00007686      0.00044618      0.00011758      0.00008036      0.00015664      0.00010972      0.00012642      0.00000095      0.00266084
    10.300       0.00000000      0.65021845      0.34599493      0.00000000      0.00007839      0.00043875      0.00012045      0.00008210      0.00015509      0.00011304      0.00013019      0.00000095      0.00266766
    10.400       0.00000000      0.64761921      0.34858559      0.00000000      0.00007988      0.00043104      0.00012332      0.00008384      0.00015352      0.00011636      0.00013411      0.00000095      0.00267217
    10.500       0.00000000      0.64502388      0.35117261      0.00000000      0.00008144      0.00042352      0.00012623      0.00008567      0.00015194      0.00011972      0.00013817      0.00000095      0.00267587
    10.600       0.00000000      0.64242650      0.35376210      0.00000000      0.00008288      0.00041614      0.00012913      0.00008741      0.00015036      0.00012312      0.00014206      0.00000095      0.00267933
    10.700       0.00000000      0.63982289      0.35635810      0.00000000      0.00008434      0.00040884      0.00013209      0.00008917      0.00014876      0.00012666      0.00014592      0.00000095      0.00268228
    10.800       0.00000000      0.63722742      0.35894631      0.00000000      0.00008577      0.00040168      0.00013508      0.00009087      0.00014718      0.00013026      0.00014976      0.00000095      0.00268472
    10.900       0.00000001      0.63463723      0.36152967      0.00000000      0.00008721      0.00039467      0.00013806      0.00009260      0.00014562      0.00013395      0.00015370      0.00000095      0.00268634
    11.000       0.00000001      0.63207019      0.36409027      0.00000000      0.00008862      0.00038790      0.00014101      0.00009429      0.00014406      0.00013768      0.00015769      0.00000095      0.00268734
    11.100       0.00000001      0.62953505      0.36661920      0.00000000      0.00009000      0.00038145      0.00014396      0.00009593      0.00014254      0.00014146      0.00016163      0.00000095      0.00268781
    11.200       0.00000001      0.62701240      0.36913587      0.00000000      0.00009138      0.00037524      0.00014694      0.00009756      0.00014102      0.00014540      0.00016546      0.00000095      0.00268777
    11.300       0.00000001      0.62450004      0.37164177      0.00000000      0.00009267      0.00036951      0.00014988      0.00009915      0.00013952      0.00014931      0.00016932      0.00000095      0.00268788
    11.400       0.00000001      0.62200434      0.37413244      0.00000000      0.00009404      0.00036337      0.00015277      0.00010076      0.00013789      0.00015288      0.00017358      0.00000096      0.00268696
    11.500       0.00000001      0.61953231      0.37660021      0.00000000      0.00009532      0.00035740      0.00015573      0.00010225      0.00013624      0.00015646      0.00017751      0.00000096      0.00268562
    11.600       0.00000001      0.61710111      0.37902725      0.00000000      0.00009655      0.00035176      0.00015867      0.00010370      0.00013459      0.00016000      0.00018132      0.00000096      0.00268408
    11.700       0.00000001      0.61469620      0.38142840      0.00000000      0.00009777      0.00034644      0.00016161      0.00010514      0.00013297      0.00016352      0.00018522      0.00000096      0.00268177
    11.800       0.00000001      0.61232013      0.38380078      0.00000000      0.00009893      0.00034147      0.00016449      0.00010655      0.00013138      0.00016709      0.00018919      0.00000096      0.00267901
    11.900       0.00000001      0.60996832      0.38614890      0.00000000      0.00010010      0.00033713      0.00016738      0.00010790      0.00012988      0.00017055      0.00019320      0.00000096      0.00267568
    12.000       0.00000001      0.60765055      0.38846220      0.00000000      0.00010121      0.00033342      0.00017018      0.00010919      0.00012847      0.00017433      0.00019716      0.00000095      0.00267233
    12.100       0.00000001      0.60533984      0.39076851      0.00000000      0.00010228      0.00033022      0.00017297      0.00011047      0.00012712      0.00017813      0.00020125      0.00000095      0.00266824
    12.200       0.00000001      0.60302789      0.39307629      0.00000000      0.00010328      0.00032748      0.00017574      0.00011169      0.00012584      0.00018199      0.00020518      0.00000095      0.00266366
    12.300       0.00000001      0.60073954      0.39536005      0.00000000      0.00010425      0.00032503      0.00017844      0.00011289      0.00012461      0.00018588      0.00020913      0.00000095      0.00265923
    12.400       0.00000001      0.59849836      0.39759654      0.00000000      0.00010519      0.00032295      0.00018107      0.00011400      0.00012342      0.00018978      0.00021320      0.00000094      0.00265455
    12.500       0.00000001      0.59626870      0.39982120      0.00000000      0.00010616      0.00032127      0.00018361      0.00011519      0.00012230      0.00019373      0.00021735      0.00000094      0.00264953
    12.600       0.00000001      0.59408034      0.40200475      0.00000000      0.00010708      0.00031979      0.00018619      0.00011636      0.00012121      0.00019754      0.00022152      0.00000094      0.00264428
    12.700       0.00000001      0.59190481      0.40417537      0.00000000      0.00010797      0.00031860      0.00018875      0.00011745      0.00012017      0.00020129      0.00022562      0.00000093      0.00263903
    12.800       0.00000001      0.58975497      0.40632063      0.00000000      0.00010884      0.00031771      0.00019129      0.00011853      0.00011918      0.00020501      0.00022956      0.00000092      0.00263335
    12.900       0.00000001      0.58762575      0.40844526      0.00000000      0.00010971      0.00031710      0.00019378      0.00011964      0.00011824      0.00020863      0.00023362      0.00000092      0.00262734
    13.000       0.00000001      0.58550566      0.41056110      0.00000000      0.00011051      0.00031676      0.00019614      0.00012064      0.00011734      0.00021212      0.00023759      0.00000091      0.00262123
    13.100       0.00000001      0.58339833      0.41266474      0.00000000      0.00011132      0.00031665      0.00019848      0.00012160      0.00011649      0.00021546      0.00024154      0.00000090      0.00261447
    13.200       0.00000001      0.58129746      0.41476213      0.00000000      0.00011211      0.00031673      0.00020073      0.00012253      0.00011570      0.00021867      0.00024553      0.00000090      0.00260749
    13.300       0.00000001      0.57921214      0.41684411      0.00000000      0.00011278      0.00031715      0.00020289      0.00012337      0.00011497      0.00022169      0.00024950      0.00000089      0.00260049
    13.400       0.00000001      0.57713317      0.41891977      0.00000000      0.00011341      0.00031766      0.00020504      0.00012416      0.00011429      0.00022461      0.00025338      0.00000088      0.00259363
    13.500       0.00000001      0.57505957      0.42099040      0.00000000      0.00011398      0.00031837      0.00020704      0.00012494      0.00011367      0.00022733      0.00025741      0.00000088      0.00258641
    13.600       0.00000001      0.57299106      0.42305615      0.00000000      0.00011449      0.00031925      0.00020902      0.00012566      0.00011311      0.00022989      0.00026140      0.00000087      0.00257909
    13.700       0.00000001      0.57092935      0.42511519      0.00000000      0.00011499      0.00032008      0.00021092      0.00012633      0.00011260      0.00023242      0.00026523      0.00000087      0.00257200
    13.800       0.00000001      0.56886780      0.42717414      0.00000000      0.00011547      0.00032107      0.00021271      0.00012699      0.00011216      0.00023482      0.00026916      0.00000086      0.00256479
    13.900       0.00000001      0.56680618      0.42923310      0.00000000      0.00011588      0.00032220      0.00021443      0.00012761      0.00011177      0.00023718      0.00027287      0.00000085      0.00255791
    14.000       0.00000001      0.56475097      0.43128590      0.00000000      0.00011620      0.00032343      0.00021605      0.00012808      0.00011147      0.00023945      0.00027663      0.00000084      0.00255097
    14.100       0.00000001      0.56270427      0.43333027      0.00000000      0.00011636      0.00032486      0.00021770      0.00012837      0.00011123      0.00024169      0.00028015      0.00000084      0.00254425
    14.200       0.00000001      0.56066696      0.43536615      0.00000000      0.00011650      0.00032660      0.00021931      0.00012862      0.00011107      0.00024383      0.00028343      0.00000083      0.00253669
    14.300       0.00000001      0.55866265      0.43737006      0.00000000      0.00011655      0.00032824      0.00022097      0.00012877      0.00011094      0.00024591      0.00028644      0.00000082      0.00252865
    14.400       0.00000001      0.55669041      0.43933974      0.00000000      0.00011663      0.00033016      0.00022256      0.00012896      0.00011091      0.00024748      0.00028944      0.00000081      0.00252290
    14.500       0.00000001      0.55474993      0.44127863      0.00000000      0.00011661      0.00033209      0.00022413      0.00012902      0.00011090      0.00024946      0.00029241      0.00000080      0.00251601
    14.600       0.00000001      0.55283035      0.44319648      0.00000000      0.00011658      0.00033417      0.00022572      0.00012908      0.00011096      0.00025137      0.00029536      0.00000079      0.00250914
    14.700       0.00000001      0.55092761      0.44509719      0.00000000      0.00011654      0.00033632      0.00022731      0.00012908      0.00011108      0.00025320      0.00029821      0.00000077      0.00250268
    14.800       0.00000001      0.54905067      0.44697231      0.00000000      0.00011651      0.00033859      0.00022885      0.00012903      0.00011127      0.00025508      0.00030103      0.00000076      0.00249588
    14.900       0.00000001      0.54720323      0.44881764      0.00000000      0.00011644      0.00034100      0.00023036      0.00012894      0.00011153      0.00025697      0.00030387      0.00000076      0.00248926
    15.000       0.00000001      0.54537684      0.45064164      0.00000000      0.00011631      0.00034339      0.00023192      0.00012879      0.00011182      0.00025881      0.00030661      0.00000075      0.00248311
    15.100       0.00000001      0.54358126      0.45243491      0.00000000      0.00011616      0.00034590      0.00023339      0.00012861      0.00011218      0.00026060      0.00030933      0.00000074      0.00247691
    15.200       0.00000001      0.54183193      0.45418253      0.00000000      0.00011603      0.00034852      0.00023483      0.00012847      0.00011261      0.00026234      0.00031199      0.00000073      0.00247001
    15.300       0.00000001      0.54011397      0.45589856      0.00000000      0.00011599      0.00035126      0.00023627      0.00012843      0.00011309      0.00026401      0.00031460      0.00000072      0.00246308
    15.400       0.00000001      0.53842149      0.45758889      0.00000000      0.00011597      0.00035424      0.00023765      0.00012839      0.00011363      0.00026567      0.00031723      0.00000072      0.00245611
    15.500       0.00000001      0.53677199      0.45923609      0.00000000      0.00011597      0.00035724      0.00023895      0.00012835      0.00011423      0.00026723      0.00031989      0.00000071      0.00244932
    15.600       0.00000001      0.53515354      0.46085147      0.00000000      0.00011605      0.00036027      0.00024025      0.00012843      0.00011490      0.00026874      0.00032270      0.00000071      0.00244292
    15.700       0.00000001      0.53357164      0.46243002      0.00000000      0.00011625      0.00036291      0.00024145      0.00012862      0.00011561      0.00027024      0.00032541      0.00000070      0.00243714
    15.800       0.00000001      0.53203705      0.46396066      0.00000000      0.00011649      0.00036539      0.00024275      0.00012881      0.00011638      0.00027173      0.00032783      0.00000070      0.00243220
    15.900       0.00000001      0.53053475      0.46545846      0.00000000      0.00011681      0.00036813      0.00024402      0.00012906      0.00011722      0.00027325      0.00033027      0.00000070      0.00242732
    16.000       0.00000001      0.52906419      0.46692511      0.00000000      0.00011713      0.00037110      0.00024523      0.00012928      0.00011813      0.00027471      0.00033257      0.00000070      0.00242185
    16.100       0.00000001      0.52761253      0.46837345      0.00000000      0.00011753      0.00037415      0.00024644      0.00012953      0.00011909      0.00027607      0.00033489      0.00000069      0.00241561
    16.200       0.00000001      0.52619116      0.46979167      0.00000000      0.00011798      0.00037707      0.00024770      0.00012983      0.00012012      0.00027733      0.00033720      0.00000069      0.00240923
    16.300       0.00000001      0.52480166      0.47117624      0.00000000      0.00011854      0.00038008      0.00024901      0.00013023      0.00012120      0.00027867      0.00033969      0.00000069      0.00240397
    16.400       0.00000001      0.52342074      0.47255271      0.00000000      0.00011898      0.00038311      0.00025040      0.00013051      0.00012234      0.00028001      0.00034204      0.00000069      0.00239845
    16.500       0.00000001      0.52203368      0.47393483      0.00000000      0.00011949      0.00038619      0.00025182      0.00013085      0.00012353      0.00028142      0.00034441      0.00000069      0.00239307
    16.600       0.00000001      0.52064652      0.47531790      0.00000000      0.00011989      0.00038935      0.00025308      0.00013120      0.00012478      0.00028271      0.00034643      0.00000069      0.00238744
    16.700       0.00000001      0.51926877      0.47669126      0.00000000      0.00012037      0.00039260      0.00025425      0.00013165      0.00012610      0.00028387      0.00034865      0.00000069      0.00238178
    16.800       0.00000001      0.51790568      0.47804933      0.00000000      0.00012090      0.00039593      0.00025541      0.00013205      0.00012748      0.00028500      0.00035077      0.00000069      0.00237675
    16.900       0.00000001      0.51655860      0.47939115      0.00000000      0.00012144      0.00039936      0.00025658      0.00013250      0.00012893      0.00028614      0.00035289      0.00000069      0.00237169
    17.000       0.00000001      0.51522491      0.48071922      0.00000000      0.00012201      0.00040284      0.00025782      0.00013296      0.00013044      0.00028732      0.00035493      0.00000070      0.00236684
    17.100       0.00000001      0.51389251      0.48204591      0.00000000      0.00012246      0.00040622      0.00025916      0.00013332      0.00013198      0.00028849      0.00035686      0.00000070      0.00236237
    17.200       0.00000001      0.51257409      0.48335854      0.00000000      0.00012271      0.00040967      0.00026056      0.00013348      0.00013361      0.00028990      0.00035853      0.00000071      0.00235820
    17.300       0.00000001      0.51126838      0.48465852      0.00000000      0.00012271      0.00041300      0.00026208      0.00013337      0.00013527      0.00029144      0.00036005      0.00000071      0.00235444
    17.400       0.00000001      0.50998438      0.48593670      0.00000000      0.00012242      0.00041644      0.00026377      0.00013301      0.00013699      0.00029321      0.00036127      0.00000072      0.00235108
    17.500       0.00000001      0.50872222      0.48719204      0.00000000      0.00012194      0.00041997      0.00026576      0.00013246      0.00013877      0.00029520      0.00036243      0.00000072      0.00234846
    17.600       0.00000001      0.50748869      0.48841846      0.00000000      0.00012121      0.00042361      0.00026796      0.00013165      0.00014061      0.00029729      0.00036337      0.00000073      0.00234641
    17.700       0.00000001      0.50626424      0.48963560      0.00000000      0.00012019      0.00042726      0.00027043      0.00013062      0.00014249      0.00029967      0.00036390      0.00000074      0.00234486
    17.800       0.00000001      0.50506596      0.49082571      0.00000000      0.00011894      0.00043104      0.00027309      0.00012942      0.00014444      0.00030227      0.00036429      0.00000074      0.00234407
    17.900       0.00000001      0.50388357      0.49199947      0.00000000      0.00011749      0.00043527      0.00027585      0.00012801      0.00014648      0.00030496      0.00036439      0.00000075      0.00234373
    18.000       0.00000001      0.50273136      0.49314313      0.00000000      0.00011603      0.00043947      0.00027848      0.00012659      0.00014856      0.00030751      0.00036452      0.00000076      0.00234357
